"","Clemson University","Acadia","Arches","Badlands","Big Bend","Black Canyon of the Gunnison","Bryce Canyon","Canyonlands","Capitol Reef","Carlsbad Caverns *","Channel Islands","Congaree","Crater Lake","Cuyahoga Valley","Death Valley","Everglades","Gateway Arch","Glacier","Grand Canyon *","Grand Teton","Great Basin","Great Sand Dunes","Great Smoky Mountains","Guadalupe Mountains","Hot Springs","Joshua Tree","Kings Canyon","Lassen Volcanic","Mammoth Cave","Mesa Verde *","Mount Rainier","North Cascades","Olympic","Petrified Forest","Pinnacles","Redwood *","Rocky Mountain","Saguaro","Sequoia","Shenandoah","Theodore Roosevelt","Voyageurs","Wind Cave","Yellowstone","Yosemite *","Zion"
"Clemson University",0,1649.43006723544,2421.54717814801,1967.0458197779,2017.10372301247,2260.04556490423,2650.18651871796,2451.53456894438,2560.1464707543,2024.39363738278,3348.19165176369,213.986867931654,3497.15387086605,737.191899115433,3073.99705419722,1053.33818009893,790.010184314619,2998.57767310964,2657.41388826315,2600.24259722637,2832.76474150708,2061.78175218807,127.988224822632,2070.54475038078,936.750113446069,3034.04628649113,3220.54378200463,3447.93578333668,404.784658768251,2324.54892229861,3508.71104531307,3504.63975807468,3657.8884387827,2456.26448915177,3456.5805135368,3654.64378946539,2101.12918874482,2577.58444905429,3237.07861452115,586.327508889876,2199.07299610119,1745.33286305741,2031.9113291635,2600.92706629236,3292.50523305826,2728.43182046048
"Acadia",1649.43006723544,0,3471.60339939606,2728.57310869198,3510.36051893123,3329.33358909181,3731.03625833287,3522.19223113936,3620.8259793032,3412.098190459,4494.15154786012,1596.4329500387,4270.9000305544,1143.19948610721,4166.60278352526,2403.82867069884,1935.23109129778,3490.91028650913,3803.3806271027,3375.37157429257,3833.17279414882,3191.98409210625,1619.58274197244,3461.26898227079,2388.36453973697,4226.08294979047,4275.01066110891,4330.01574556787,1702.36423106332,3456.04411712354,4104.68077080701,4011.74593566732,4197.26674476629,3667.52106768998,4498.04377113081,4485.73674211736,3081.82607182595,3885.41760210235,4304.37044889366,1064.45559035672,2738.50430282839,1942.36796176427,2810.11068759174,3326.42912830399,4298.29525681253,3813.37595650688
"Arches",2421.54717814801,3471.60339939606,0,817.079149868869,1197.23580706931,161.560646444385,259.896114298047,61.8613060872631,149.50237066093,859.118377154033,1024.00433679822,2633.26521585841,1156.70634661737,2400.42916730422,695.980429380256,3066.38157947948,1683.79296400001,1179.13678529692,369.253116608925,570.232114877458,412.022483768475,370.871987770522,2328.23539486931,862.944424864424,1546.39682592611,785.877085981628,818.164746327056,1044.37873168297,2064.43912451098,191.660175531594,1345.31494104583,1452.14660916656,1525.96914546024,401.058101465034,1051.66947821056,1264.64263682946,392.514921330445,718.369045410033,842.372000959344,2706.17812547623,1047.32179471624,1727.51242799337,745.543746457242,662.049317845537,873.815761269319,341.892399858293
"Badlands",1967.0458197779,2728.57310869198,817.079149868869,0,1610.44862459046,722.775337425039,1066.91455303411,877.339214998709,954.247113800259,1296.49026791432,1817.46368038624,2178.34426474299,1588.06418605653,1739.80016807512,1476.81861292973,2829.07713993695,1177.16402084355,1047.50028452223,1185.22249867125,668.335561273974,1118.93751686853,715.088658488949,1850.78102563779,1329.36934571224,1309.59341306045,1601.93406313983,1564.16576812081,1609.30190265545,1566.69988868537,888.448220330376,1544.42230399381,1539.11546940096,1690.90752028351,1148.61050108719,1778.26109311728,1782.23278520109,450.945611855538,1455.36672325215,1597.2626054295,2100.27451359618,365.517665337845,910.801174811585,81.5395495667331,646.422547713001,1574.33221569931,1143.90687004681
"Big Bend",2017.10372301247,3510.36051893123,1197.23580706931,1610.44862459046,0,1112.96954983998,1240.28643897899,1169.11557192814,1233.47893355655,343.19971700096,1620.08683587738,2187.83170518698,2268.13099688961,2370.42750299209,1487.16723546991,2248.57581227286,1590.80506113368,2356.06731748596,1124.14713611389,1741.52220877815,1482.31516183035,963.618087297716,1981.83847079257,334.29344093415,1126.70759147334,1301.47681444741,1653.50022357518,2076.65889336639,1820.62115062699,1005.60863250693,2526.89955691121,2646.64810576427,2708.40983743291,891.683470115146,1854.09817563755,2303.32119085452,1255.05524796494,769.510327541926,1646.50741606626,2512.22553683345,1967.00953089677,2313.70871788241,1589.19919112224,1819.96538563674,1780.17781616663,1275.51060262246
"Black Canyon of the Gunnison",2260.04556490423,3329.33358909181,161.560646444385,722.775337425039,1112.96954983998,0,406.746589270092,197.404818593833,304.197263702684,769.934457857742,1165.26452409889,2471.72025280288,1305.55977817293,2248.75075891321,845.728693262954,2911.91055067695,1524.75755884172,1243.22712020795,480.639704287598,628.555194683501,573.48465194588,214.976493241785,2167.0281799975,781.934656237302,1386.83961593516,906.462284756227,974.645379649357,1203.31491715386,1903.99688967084,168.498352648025,1468.29171334484,1560.73334061835,1647.22519290648,429.667068647875,1209.30069684539,1421.86843425757,274.163669129397,745.162483796407,997.137987487594,2549.20803917238,996.032188493812,1624.43530095431,659.569457669593,708.58810364366,1034.39931418177,489.217717817463
"Bryce Canyon",2650.18651871796,3731.03625833287,259.896114298047,1066.91455303411,1240.28643897899,406.746589270092,0,209.91300579132,113.064454919349,926.574639992854,764.108842535914,2860.13382194801,1032.18753497989,2655.38659239047,439.016699830632,3246.01376399489,1927.77989234192,1256.25522896227,167.609035964552,693.907165689592,242.698590630944,588.759102387514,2561.2972073483,916.432780745583,1753.81748689153,537.761082402699,571.929832199626,869.923007989289,2302.93020154553,329.664361205653,1296.79182452147,1435.55221239065,1477.63437970021,351.258874158096,807.841462754981,1097.47916119055,652.213325459877,609.804696524435,592.111431593935,2954.45743550735,1266.66247498191,1977.3985969195,992.287966158938,793.329435419986,646.022878322119,82.6220419961546
"Canyonlands",2451.53456894438,3522.19223113936,61.8613060872631,877.339214998709,1169.11557192814,197.404818593833,209.91300579132,0,108.614988015947,834.83851542016,972.075656135609,2662.51918372562,1155.61764612469,2445.57438033233,648.850950886903,3077.96340874333,1721.3325267907,1222.34677353467,308.149875682578,618.465459102362,390.410550659385,391.852509117996,2360.25596691892,835.401187210617,1566.93261023989,727.160022200504,777.590746206546,1029.25348639528,2099.0846838465,170.136587554406,1363.32562971947,1477.54770983849,1544.55342856449,347.597708497635,1012.59858288549,1252.39063763042,447.631038359296,662.154854139817,799.765850432489,2746.48434711319,1109.02833790664,1787.38977627565,806.417690927426,712.386441473931,841.0134886292,292.528454680974
"Capitol Reef",2560.1464707543,3620.8259793032,149.50237066093,954.247113800259,1233.47893355655,304.197263702684,113.064454919349,108.614988015947,0,906.803734746244,875.803608340317,2771.10872359951,1063.49598895799,2549.46939850115,546.480218853396,3181.00375274199,1828.92035325353,1199.48996682167,252.650047002488,614.912398580566,286.096216786119,500.016245421452,2468.82254291853,902.639318281231,1674.12168598622,648.90575394646,670.616747081713,926.259794257919,2207.35225268439,262.075238451901,1293.42172686113,1418.57967742282,1474.93157425387,368.901151702979,905.106068254001,1150.9055962452,540.373580582422,662.928674974529,693.850589090573,2853.1463046294,1160.87543606007,1864.88517613855,880.013100023149,712.992680531061,732.399448367214,193.461147009044
"Carlsbad Caverns *",2024.39363738278,3412.098190459,859.118377154033,1296.49026791432,343.19971700096,769.934457857742,926.574639992854,834.83851542016,906.803734746244,0,1412.00050063807,2214.06370536299,1958.75012452488,2270.02093712928,1225.85558641652,2412.56715932536,1477.1690824893,2012.91016604805,830.759383226604,1398.47859151797,1169.03834511795,624.506720160911,1968.26507834979,49.1715985694248,1090.95227311828,1085.57464421233,1392.37733850208,1784.49278421449,1766.86043827959,668.155931542204,2197.43506432553,2310.97932482218,2378.81808787307,590.615183149208,1608.82854471397,2012.68393743526,918.939929554934,571.312508521246,1391.79361353132,2464.66481475451,1645.37142195116,2056.91607734486,1268.132416164,1476.77859202175,1508.96160189218,971.71964950641
"Channel Islands",3348.19165176369,4494.15154786012,1024.00433679822,1817.46368038624,1620.08683587738,1165.26452409889,764.108842535914,972.075656135609,875.803608340317,1412.00050063807,0,3552.51485410714,1018.33725960148,3409.34673641714,342.564527921902,3824.56739699716,2662.59247126689,1702.84908516995,701.925416691895,1311.33389329215,717.081964289083,1320.75461778365,3269.4989332772,1378.64782687482,2422.46842052995,326.471889842324,319.468910169707,742.618466006764,3024.35136021107,1050.31205168035,1439.26184835286,1638.15625256899,1587.27170667102,892.329209426575,316.487733469765,904.081876199159,1416.13206276185,854.641353643316,276.806887336249,3693.49869410458,1968.30935283519,2722.27716591743,1739.61401366761,1403.10248875446,423.919660407434,682.376745507583
"Congaree",213.986867931654,1596.4329500387,2633.26521585841,2178.34426474299,2187.83170518698,2471.72025280288,2860.13382194801,2662.51918372562,2771.10872359951,2214.06370536299,3552.51485410714,0,3711.14073617356,830.751002885749,3282.0540899483,937.868974949192,1002.03233660137,3206.62817756742,2864.35427838551,2813.74074418842,3044.74976263597,2272.15834871885,328.397225233727,2259.35567053095,1133.82532087264,3236.56384554803,3429.80215281155,3661.232228302,612.509353840962,2533.65802020701,3720.96814278622,3714.83416969353,3869.24027190399,2660.21141983343,3665.74846133211,3868.33630731776,2314.88182205649,2772.55718149656,3445.76612683432,570.565141105027,2404.00221466883,1919.38261647324,2243.95156613005,2813.7230481369,3503.3132813897,2937.95298652317
"Crater Lake",3497.15387086605,4270.9000305544,1156.70634661737,1588.06418605653,2268.13099688961,1305.55977817293,1032.18753497989,1155.61764612469,1063.49598895799,1958.75012452488,1018.33725960148,3711.14073617356,0,3327.54166146561,870.806311293518,4215.18900905006,2718.75473826821,904.426529626941,1146.28202790027,919.860701245874,789.773239315338,1520.48347065217,3391.10187206365,1948.1160483042,2677.58925218162,1150.35151628409,746.142690260811,276.507946637869,3112.45188464372,1323.3402320451,435.394530694283,644.007061978767,569.634214867954,1376.62955501105,721.74995058501,240.5487203053,1401.92444900539,1564.40858346476,779.881998251252,3685.89594016918,1534.00313234335,2341.38437705554,1510.45370510062,951.14461999659,608.774036684464,992.631211369788
"Cuyahoga Valley",737.191899115433,1143.19948610721,2400.42916730422,1739.80016807512,2370.42750299209,2248.75075891321,2655.38659239047,2445.57438033233,2549.46939850115,2270.02093712928,3409.34673641714,830.751002885749,3327.54166146561,0,3094.40098590561,1766.65490890619,792.873448832443,2668.5604646768,2709.42378920209,2408.09845490046,2786.85038330339,2090.84630333337,640.874386678486,2319.17801350895,1255.82207020942,3124.97018344291,3217.26159713836,3339.87165116419,597.808373448673,2360.10339437658,3244.67514590263,3196.53877920851,3369.17520720731,2554.67310864093,3448.11989209832,3520.52125179977,2022.9440343909,2755.27780001212,3242.63207307164,406.706201692623,1857.90471521521,1202.91569707046,1818.37918376443,2380.09454665537,3258.40631128466,2737.92836945969
"Death Valley",3073.99705419722,4166.60278352526,695.980429380256,1476.81861292973,1487.16723546991,845.728693262954,439.016699830632,648.850950886903,546.480218853396,1225.85558641652,342.564527921902,3282.0540899483,870.806311293518,3094.40098590561,0,3618.04606004727,2363.32967082163,1414.05449733386,421.597687537285,977.113652562955,376.77876715945,1019.74579405208,2988.80593234251,1201.41266233243,2163.0512478094,284.475477331317,166.945747255935,624.747018296861,2734.74223942021,751.293783109659,1247.46046571307,1429.55387441855,1413.87367221629,650.426995709728,390.400117726217,839.011709988499,1084.88320804312,731.028308166758,168.315224197263,3391.61228147082,1627.17030545323,2380.15731399277,1398.4701237103,1071.31710247834,296.609908956749,356.512825638206
"Everglades",1053.33818009893,2403.82867069884,3066.38157947948,2829.07713993695,2248.57581227286,2911.91055067695,3246.01376399489,3077.96340874333,3181.00375274199,2412.56715932536,3824.56739699716,937.868974949192,4215.18900905006,1766.65490890619,3618.04606004727,0,1713.60596807107,3875.64579023673,3201.03609601927,3387.98225789997,3467.07283434573,2697.17967644814,1175.19378592161,2446.64932341513,1549.36517278682,3498.13140286116,3780.86095618034,4107.04571676717,1403.50810488085,2921.04248472203,4313.09566259097,4346.57749745922,4478.41510903828,2967.62035013144,4007.51500535382,4330.13352467809,2833.08518084179,2977.03654085966,3786.29893198255,1484.81405409872,3119.67054709643,2776.39679113905,2878.75947948954,3412.28520212671,3882.23502846082,3312.64446220608
"Gateway Arch",790.010184314619,1935.23109129778,1683.79296400001,1177.16402084355,1590.80506113368,1524.75755884172,1927.77989234192,1721.3325267907,1828.92035325353,1477.1690824893,2662.59247126689,1002.03233660137,2718.75473826821,792.873448832443,2363.32967082163,1713.60596807107,0,2212.90796300008,1960.93380472597,1814.02978318975,2088.50626756206,1344.44077661935,675.896759070033,1526.32986500022,523.911869732351,2365.07456498624,2498.8174052663,2685.39434930603,394.010944606132,1614.72729387412,2718.9440380863,2715.46092439188,2867.91250948308,1787.52286339064,2733.92043737826,2885.47154729065,1336.21388347861,1969.96620232558,2519.89088242774,1031.03633392218,1423.07570873265,1117.72652549386,1241.97955971,1811.95672607334,2556.91321390216,2009.01799202873
"Glacier",2998.57767310964,3490.91028650913,1179.13678529692,1047.50028452223,2356.06731748596,1243.22712020795,1256.25522896227,1222.34677353467,1199.48996682167,2012.91016604805,1702.84908516995,3206.62817756742,904.426529626941,2668.5604646768,1414.05449733386,3875.64579023673,2212.90796300008,0,1423.31916822724,615.04819352943,1091.36618663333,1407.78044817895,2878.25666315897,2024.95511533727,2344.29168838099,1674.45246277834,1383.38991686044,1097.73122691354,2594.5116872336,1365.93121470477,619.130519712828,529.388062933423,709.200577248324,1564.01977124856,1487.58778811483,1144.97305154644,1146.58409022114,1861.05663516865,1426.04435070736,3059.11563705535,814.111995833041,1551.54775805533,997.343864370324,538.042913314176,1296.97060826129,1279.89488002009
"Grand Canyon *",2657.41388826315,3803.3806271027,369.253116608925,1185.22249867125,1124.14713611389,480.639704287598,167.609035964552,308.149875682578,252.650047002488,830.759383226604,701.925416691895,2864.35427838551,1146.28202790027,2709.42378920209,421.597687537285,3201.03609601927,1960.93380472597,1423.31916822724,0,859.263414869099,376.121963696695,619.169641470403,2574.78342902545,813.283681784777,1742.30244491505,425.908996191959,580.516193790524,955.257428514607,2325.3491577244,349.326628097095,1440.06094073483,1587.34700711437,1619.61624087417,240.48726826659,811.536393829362,1183.10043175711,749.263544083195,448.847304332058,589.159184603565,2991.71686514605,1410.20555860041,2094.73639661588,1114.56755491854,958.419971149568,684.168296476704,159.844802824615
"Grand Teton",2600.24259722637,3375.37157429257,570.232114877458,668.335561273974,1741.52220877815,628.555194683501,693.907165689592,618.465459102362,614.912398580566,1398.47859151797,1311.33389329215,2813.74074418842,919.860701245874,2408.09845490046,977.113652562955,3387.98225789997,1814.02978318975,615.04819352943,859.263414869099,0,603.245633726567,801.875218076911,2489.58060887557,1409.98658205124,1838.81909662448,1188.5330772715,1012.3158163844,955.20163412137,2207.85400020247,753.17701793011,925.337518086336,972.902260476432,1091.44007288589,965.446844504979,1193.38442305199,1116.50358981589,568.533060547304,1274.51798614667,1051.9268578564,2766.63875264166,678.845985560126,1478.92262469194,590.625017707255,99.6037010907254,983.179981775069,738.957361982816
"Great Basin",2832.76474150708,3833.17279414882,412.022483768475,1118.93751686853,1482.31516183035,573.48465194588,242.698590630944,390.410550659385,286.096216786119,1169.03834511795,717.081964289083,3044.74976263597,789.773239315338,2786.85038330339,376.77876715945,3467.07283434573,2088.50626756206,1091.36618663333,376.121963696695,603.245633726567,0,780.410318954056,2738.30982672155,1159.13049338043,1956.50619086225,593.506425555701,445.237787051296,640.184293673737,2472.34429613082,547.375454296315,1063.99748058234,1212.97726533513,1243.75581989455,591.486149420812,665.109216577716,865.274599319105,764.079991785919,822.034886275815,478.739157080077,3104.7703828421,1251.2273929746,2013.39937348308,1038.82874615054,699.37137126868,471.724235915181,216.28622345991
"Great Sand Dunes",2061.78175218807,3191.98409210625,370.871987770522,715.088658488949,963.618087297716,214.976493241785,588.759102387514,391.852509117996,500.016245421452,624.506720160911,1320.75461778365,2272.15834871885,1520.48347065217,2090.84630333337,1019.74579405208,2697.17967644814,1344.44077661935,1407.78044817895,619.169641470403,801.875218076911,780.410318954056,0,1972.54973836419,647.196245165308,1176.16344289161,1035.51829705417,1160.31849428793,1415.24414154191,1715.37784780871,270.626305762488,1673.76302735957,1757.1999502002,1851.33651431233,483.483442796523,1396.36681388744,1635.21586174056,296.47663403242,759.428057314867,1178.90722258509,2374.30741599789,1040.21630965449,1573.18926493075,670.797248537087,869.915668533228,1231.33444225144,668.118253276226
"Great Smoky Mountains",127.988224822632,1619.58274197244,2328.23539486931,1850.78102563779,1981.83847079257,2167.0281799975,2561.2972073483,2360.25596691892,2468.82254291853,1968.26507834979,3269.4989332772,328.397225233727,3391.10187206365,640.874386678486,2988.80593234251,1175.19378592161,675.896759070033,2878.25666315897,2574.78342902545,2489.58060887557,2738.30982672155,1972.54973836419,0,2015.32284419313,877.344846368295,2958.53651488094,3132.7497026645,3348.24388452897,284.261670593812,2237.9207144175,3394.10981651874,3386.63370000471,3541.56227313152,2379.18018111184,3368.83010700552,3552.59965078135,1999.37979629861,2513.42895935315,3150.48350615863,558.461647118748,2076.34458163344,1617.68255386348,1917.0412681658,2487.76943317966,3201.04635034764,2640.44714356068
"Guadalupe Mountains",2070.54475038078,3461.26898227079,862.944424864424,1329.36934571224,334.29344093415,781.934656237302,916.432780745583,835.401187210617,902.639318281231,49.1715985694248,1378.64782687482,2259.35567053095,1948.1160483042,2319.17801350895,1201.41266233243,2446.64932341513,1526.32986500022,2024.95511533727,813.283681784777,1409.98658205124,1159.13049338043,647.196245165308,2015.32284419313,0,1137.97857852756,1052.53155485261,1368.23774729561,1768.38609657514,1815.18297815336,671.32491960047,2195.45569279444,2312.90185119463,2376.94459800137,574.536260809881,1581.90738302935,1996.34267725913,943.118863015911,532.701382909775,1366.33099991468,2513.06363669447,1675.31715238444,2099.22156635039,1298.79880873152,1490.28881285433,1487.23936928049,958.007304317317
"Hot Springs",936.750113446069,2388.36453973697,1546.39682592611,1309.59341306045,1126.70759147334,1386.83961593516,1753.81748689153,1566.93261023989,1674.12168598622,1090.95227311828,2422.46842052995,1133.82532087264,2677.58925218162,1255.82207020942,2163.0512478094,1549.36517278682,523.911869732351,2344.29168838099,1742.30244491505,1838.81909662448,1956.50619086225,1176.16344289161,877.344846368295,1137.97857852756,0,2104.31109992219,2316.17578082608,2590.15352384916,693.99342566848,1424.22046603291,2763.7787468494,2801.06515712162,2929.74708804397,1530.60853642696,2550.8682646518,2807.72340136314,1285.14557989646,1640.83645663357,2329.13119691287,1388.2739870398,1635.68200609125,1553.85471236958,1349.48638364188,1865.30954488623,2399.81603715418,1828.19775660304
"Joshua Tree",3034.04628649113,4226.08294979047,785.877085981628,1601.93406313983,1301.47681444741,906.462284756227,537.761082402699,727.160022200504,648.90575394646,1085.57464421233,326.471889842324,3236.56384554803,1150.35151628409,3124.97018344291,284.475477331317,3498.13140286116,2365.07456498624,1674.45246277834,425.908996191959,1188.5330772715,593.506425555701,1035.51829705417,2958.53651488094,1052.53155485261,2104.31109992219,0,411.807556325142,894.702902616146,2718.92893304473,770.117754503594,1531.93448492254,1713.35905464594,1697.94236489901,580.063299023044,564.550136798364,1097.6321556826,1173.23945653572,532.572697399134,387.277265390482,3395.62328053248,1800.6004415307,2512.72468500165,1528.58309158357,1286.82330372797,553.78368342472,467.324233867861
"Kings Canyon",3220.54378200463,4275.01066110891,818.164746327056,1564.16576812081,1653.50022357518,974.645379649357,571.929832199626,777.590746206546,670.616747081713,1392.37733850208,319.468910169707,3429.80215281155,746.142690260811,3217.26159713836,166.945747255935,3780.86095618034,2498.8174052663,1383.38991686044,580.516193790524,1012.3158163844,445.237787051296,1160.31849428793,3132.7497026645,1368.23774729561,2316.17578082608,411.807556325142,0,483.861702367395,2874.8540128217,896.145824075085,1147.20314839644,1339.40744308593,1305.29376060979,813.997307008241,236.089025225694,686.836884253522,1197.03641989208,894.446590447681,42.6742657499472,3523.76279511107,1681.83057690019,2455.84823198904,1483.99154115308,1100.23070889824,141.980221438395,492.308172202545
"Lassen Volcanic",3447.93578333668,4330.01574556787,1044.37873168297,1609.30190265545,2076.65889336639,1203.31491715386,869.923007989289,1029.25348639528,926.259794257919,1784.49278421449,742.618466006764,3661.232228302,276.507946637869,3339.87165116419,624.747018296861,4107.04571676717,2685.39434930603,1097.73122691354,955.257428514607,955.20163412137,640.184293673737,1415.24414154191,3348.24388452897,1768.38609657514,2590.15352384916,894.702902616146,483.861702367395,0,3075.65202157971,1187.35553205632,706.8973186573,912.657019219257,846.141413130249,1194.17804858567,446.178214876624,228.285131441778,1349.64985726046,1344.17356944761,513.854711870399,3681.04008697566,1618.25040571797,2427.17299445193,1528.47957642505,1011.89001641987,342.59450526836,814.421527107793
"Mammoth Cave",404.784658768251,1702.36423106332,2064.43912451098,1566.69988868537,1820.62115062699,1903.99688967084,2302.93020154553,2099.0846838465,2207.35225268439,1766.86043827959,3024.35136021107,612.509353840962,3112.45188464372,597.808373448673,2734.74223942021,1403.50810488085,394.010944606132,2594.5116872336,2325.3491577244,2207.85400020247,2472.34429613082,1715.37784780871,284.261670593812,1815.18297815336,693.99342566848,2718.92893304473,2874.8540128217,3075.65202157971,0,1983.60134657849,3110.34194265166,3102.38237813359,3257.39309651843,2138.91099485858,3110.6667533987,3277.50002413294,1726.00265671416,2294.03977206497,2894.19524513907,698.07067759855,1794.29642806211,1372.905798324,1633.34714273565,2204.66290709456,2938.24175595106,2383.16050149425
"Mesa Verde *",2324.54892229861,3456.04411712354,191.660175531594,888.448220330376,1005.60863250693,168.498352648025,329.664361205653,170.136587554406,262.075238451901,668.155931542204,1050.31205168035,2533.65802020701,1323.3402320451,2360.10339437658,751.293783109659,2921.04248472203,1614.72729387412,1365.93121470477,349.326628097095,753.17701793011,547.375454296315,270.626305762488,2237.9207144175,671.32491960047,1424.22046603291,770.117754503594,896.145824075085,1187.35553205632,1983.60134657849,0,1532.23040791731,1642.82386445498,1713.30016738331,261.337968138116,1132.10311060292,1412.61656567019,437.769189121325,577.029001814792,912.694430155675,2644.84470176524,1164.01561932862,1785.00982808177,826.956476123192,841.158599698833,975.59929524482,404.793762192021
"Mount Rainier",3508.71104531307,4104.68077080701,1345.31494104583,1544.42230399381,2526.89955691121,1468.29171334484,1296.79182452147,1363.32562971947,1293.42172686113,2197.43506432553,1439.26184835286,3720.96814278622,435.394530694283,3244.67514590263,1247.46046571307,4313.09566259097,2718.9440380863,619.130519712828,1440.06094073483,925.337518086336,1063.99748058234,1673.76302735957,3394.10981651874,2195.45569279444,2763.7787468494,1531.93448492254,1147.20314839644,706.8973186573,3110.34194265166,1532.23040791731,0,209.782222985712,181.510919168107,1647.2984423055,1152.80447655644,642.403215917923,1484.81099350068,1883.06223850227,1184.98279853662,3624.97990232718,1391.04969879711,2162.71847992773,1477.07534824697,909.85497036689,1018.83197463385,1280.22068368533
"North Cascades",3504.63975807468,4011.74593566732,1452.14660916656,1539.11546940096,2646.64810576427,1560.73334061835,1435.55221239065,1477.54770983849,1418.57967742282,2310.97932482218,1638.15625256899,3714.83416969353,644.007061978767,3196.53877920851,1429.55387441855,4346.57749745922,2715.46092439188,529.388062933423,1587.34700711437,972.902260476432,1212.97726533513,1757.1999502002,3386.63370000471,2312.90185119463,2801.06515712162,1713.35905464594,1339.40744308593,912.657019219257,3102.38237813359,1642.82386445498,209.782222985712,0,188.848068489608,1781.70913071795,1357.46437000568,851.330924563337,1541.41752800792,2034.93211561352,1378.41513025975,3585.1845107121,1339.53504101962,2076.8103824185,1478.86293212647,936.144207382989,1215.41190755008,1428.26287567657
"Olympic",3657.8884387827,4197.26674476629,1525.96914546024,1690.90752028351,2708.40983743291,1647.22519290648,1477.63437970021,1544.55342856449,1474.93157425387,2378.81808787307,1587.27170667102,3869.24027190399,569.634214867954,3369.17520720731,1413.87367221629,4478.41510903828,2867.91250948308,709.200577248324,1619.61624087417,1091.44007288589,1243.75581989455,1851.33651431233,3541.56227313152,2376.94459800137,2929.74708804397,1697.94236489901,1305.29376060979,846.141413130249,3257.39309651843,1713.30016738331,181.510919168107,188.848068489608,0,1828.33991792361,1290.65511025321,742.257835914975,1655.55863213008,2061.25934890347,1341.51713464646,3754.81077724079,1511.29787247096,2260.13993813684,1626.78852666127,1067.94856386969,1172.44312673524,1459.82535227956
"Petrified Forest",2456.26448915177,3667.52106768998,401.058101465034,1148.61050108719,891.683470115146,429.667068647875,351.258874158096,347.597708497635,368.901151702979,590.615183149208,892.329209426575,2660.21141983343,1376.62955501105,2554.67310864093,650.426995709728,2967.62035013144,1787.52286339064,1564.01977124856,240.48726826659,965.446844504979,591.486149420812,483.483442796523,2379.18018111184,574.536260809881,1530.60853642696,580.063299023044,813.997307008241,1194.17804858567,2138.91099485858,261.337968138116,1647.2984423055,1781.70913071795,1828.33991792361,0,1040.15605855208,1422.28196075117,697.664961439793,319.830367459633,818.683617665529,2817.23467608564,1423.55104949545,2039.98762397043,1088.0916215063,1059.91498497358,923.082782160487,384.336247601241
"Pinnacles",3456.5805135368,4498.04377113081,1051.66947821056,1778.26109311728,1854.09817563755,1209.30069684539,807.841462754981,1012.59858288549,905.106068254001,1608.82854471397,316.487733469765,3665.74846133211,721.74995058501,3448.11989209832,390.400117726217,4007.51500535382,2733.92043737826,1487.58778811483,811.536393829362,1193.38442305199,665.109216577716,1396.36681388744,3368.83010700552,1581.90738302935,2550.8682646518,564.550136798364,236.089025225694,446.178214876624,3110.6667533987,1132.10311060292,1152.80447655644,1357.46437000568,1290.65511025321,1040.15605855208,0,588.997533262974,1425.83807992148,1086.1845084327,222.377507970425,3757.83833612956,1870.99925554592,2658.51940437842,1697.31679490499,1274.06452780385,210.209398835722,728.395635554906
"Redwood *",3654.64378946539,4485.73674211736,1264.64263682946,1782.23278520109,2303.32119085452,1421.86843425757,1097.47916119055,1252.39063763042,1150.9055962452,2012.68393743526,904.081876199159,3868.33630731776,240.5487203053,3520.52125179977,839.011709988499,4330.13352467809,2885.47154729065,1144.97305154644,1183.10043175711,1116.50358981589,865.274599319105,1635.21586174056,3552.59965078135,1996.34267725913,2807.72340136314,1097.6321556826,686.836884253522,228.285131441778,3277.50002413294,1412.61656567019,642.403215917923,851.330924563337,742.257835914975,1422.28196075117,588.997533262974,0,1553.56728609948,1565.44258904802,710.659547993202,3870.11349330252,1754.62768077771,2564.2722312296,1702.72078378795,1159.44296871738,545.703432210205,1042.68148202499
"Rocky Mountain",2101.12918874482,3081.82607182595,392.514921330445,450.945611855538,1255.05524796494,274.163669129397,652.213325459877,447.631038359296,540.373580582422,918.939929554934,1416.13206276185,2314.88182205649,1401.92444900539,2022.9440343909,1084.88320804312,2833.08518084179,1336.21388347861,1146.58409022114,749.263544083195,568.533060547304,764.079991785919,296.47663403242,1999.37979629861,943.118863015911,1285.14557989646,1173.23945653572,1197.03641989208,1349.64985726046,1726.00265671416,437.769189121325,1484.81099350068,1541.41752800792,1655.55863213008,697.664961439793,1425.83807992148,1553.56728609948,0,1006.05450886101,1224.51140943333,2343.19758643228,749.816380972122,1350.3156761433,392.725036744273,617.185983807809,1235.78839638297,733.756948089181
"Saguaro",2577.58444905429,3885.41760210235,718.369045410033,1455.36672325215,769.510327541926,745.162483796407,609.804696524435,662.154854139817,662.928674974529,571.312508521246,854.641353643316,2772.55718149656,1564.40858346476,2755.27780001212,731.028308166758,2977.03654085966,1969.96620232558,1861.05663516865,448.847304332058,1274.51798614667,822.034886275815,759.428057314867,2513.42895935315,532.701382909775,1640.83645663357,532.572697399134,894.446590447681,1344.17356944761,2294.03977206497,577.029001814792,1883.06223850227,2034.93211561352,2061.25934890347,319.830367459633,1086.1845084327,1565.44258904802,1006.05450886101,0,883.528657165586,2986.51367180546,1741.04350476315,2332.35359266285,1398.6195335035,1370.91854603381,1027.5250316954,606.839199652965
"Sequoia",3237.07861452115,4304.37044889366,842.372000959344,1597.2626054295,1646.50741606626,997.137987487594,592.111431593935,799.765850432489,693.850589090573,1391.79361353132,276.806887336249,3445.76612683432,779.881998251252,3242.63207307164,168.315224197263,3786.29893198255,2519.89088242774,1426.04435070736,589.159184603565,1051.9268578564,478.739157080077,1178.90722258509,3150.48350615863,1366.33099991468,2329.13119691287,387.277265390482,42.6742657499472,513.854711870399,2894.19524513907,912.694430155675,1184.98279853662,1378.41513025975,1341.51713464646,818.683617665529,222.377507970425,710.659547993202,1224.51140943333,883.528657165586,0,3546.18353450143,1719.87918847112,2491.29060346458,1517.36152492963,1140.49012446933,171.607324391576,511.135893730441
"Shenandoah",586.327508889876,1064.45559035672,2706.17812547623,2100.27451359618,2512.22553683345,2549.20803917238,2954.45743550735,2746.48434711319,2853.1463046294,2464.66481475451,3693.49869410458,570.565141105027,3685.89594016918,406.706201692623,3391.61228147082,1484.81405409872,1031.03633392218,3059.11563705535,2991.71686514605,2766.63875264166,3104.7703828421,2374.30741599789,558.461647118748,2513.06363669447,1388.2739870398,3395.62328053248,3523.76279511107,3681.04008697566,698.07067759855,2644.84470176524,3624.97990232718,3585.1845107121,3754.81077724079,2817.23467608564,3757.83833612956,3870.11349330252,2343.19758643228,2986.51367180546,3546.18353450143,0,2245.72662557253,1609.59574521515,2176.30537461761,2745.78127691288,3575.73197137041,3036.21780946046
"Theodore Roosevelt",2199.07299610119,2738.50430282839,1047.32179471624,365.517665337845,1967.00953089677,996.032188493812,1266.66247498191,1109.02833790664,1160.87543606007,1645.37142195116,1968.30935283519,2404.00221466883,1534.00313234335,1857.90471521521,1627.17030545323,3119.67054709643,1423.07570873265,814.111995833041,1410.20555860041,678.845985560126,1251.2273929746,1040.21630965449,2076.34458163344,1675.31715238444,1635.68200609125,1800.6004415307,1681.83057690019,1618.25040571797,1794.29642806211,1164.01561932862,1391.04969879711,1339.53504101962,1511.29787247096,1423.55104949545,1870.99925554592,1754.62768077771,749.816380972122,1741.04350476315,1719.87918847112,2245.72662557253,0,810.156365436854,377.873307475136,607.921903372734,1660.9250072258,1333.338630505
"Voyageurs",1745.33286305741,1942.36796176427,1727.51242799337,910.801174811585,2313.70871788241,1624.43530095431,1977.3985969195,1787.38977627565,1864.88517613855,2056.91607734486,2722.27716591743,1919.38261647324,2341.38437705554,1202.91569707046,2380.15731399277,2776.39679113905,1117.72652549386,1551.54775805533,2094.73639661588,1478.92262469194,2013.39937348308,1573.18926493075,1617.68255386348,2099.22156635039,1553.85471236958,2512.72468500165,2455.84823198904,2427.17299445193,1372.905798324,1785.00982808177,2162.71847992773,2076.8103824185,2260.13993813684,2039.98762397043,2658.51940437842,2564.2722312296,1350.3156761433,2332.35359266285,2491.29060346458,1609.59574521515,810.156365436854,0,985.342495141477,1415.39232000567,2449.96794809003,2053.69134914903
"Wind Cave",2031.9113291635,2810.11068759174,745.543746457242,81.5395495667331,1589.19919112224,659.569457669593,992.287966158938,806.417690927426,880.013100023149,1268.132416164,1739.61401366761,2243.95156613005,1510.45370510062,1818.37918376443,1398.4701237103,2878.75947948954,1241.97955971,997.343864370324,1114.56755491854,590.625017707255,1038.82874615054,670.797248537087,1917.0412681658,1298.79880873152,1349.48638364188,1528.58309158357,1483.99154115308,1528.47957642505,1633.34714273565,826.956476123192,1477.07534824697,1478.86293212647,1626.78852666127,1088.0916215063,1697.31679490499,1702.72078378795,392.725036744273,1398.6195335035,1517.36152492963,2176.30537461761,377.873307475136,985.342495141477,0,573.577686407221,1493.12009495858,1068.34909861657
"Yellowstone",2600.92706629236,3326.42912830399,662.049317845537,646.422547713001,1819.96538563674,708.58810364366,793.329435419986,712.386441473931,712.992680531061,1476.77859202175,1403.10248875446,2813.7230481369,951.14461999659,2380.09454665537,1071.31710247834,3412.28520212671,1811.95672607334,538.042913314176,958.419971149568,99.6037010907254,699.37137126868,869.915668533228,2487.76943317966,1490.28881285433,1865.30954488623,1286.82330372797,1100.23070889824,1011.89001641987,2204.66290709456,841.158599698833,909.85497036689,936.144207382989,1067.94856386969,1059.91498497358,1274.06452780385,1159.44296871738,617.185983807809,1370.91854603381,1140.49012446933,2745.78127691288,607.921903372734,1415.39232000567,573.577686407221,0,1064.07065312507,838.514887760215
"Yosemite *",3292.50523305826,4298.29525681253,873.815761269319,1574.33221569931,1780.17781616663,1034.39931418177,646.022878322119,841.0134886292,732.399448367214,1508.96160189218,423.919660407434,3503.3132813897,608.774036684464,3258.40631128466,296.609908956749,3882.23502846082,2556.91321390216,1296.97060826129,684.168296476704,983.179981775069,471.724235915181,1231.33444225144,3201.04635034764,1487.23936928049,2399.81603715418,553.78368342472,141.980221438395,342.59450526836,2938.24175595106,975.59929524482,1018.83197463385,1215.41190755008,1172.44312673524,923.082782160487,210.209398835722,545.703432210205,1235.78839638297,1027.5250316954,171.607324391576,3575.73197137041,1660.9250072258,2449.96794809003,1493.12009495858,1064.07065312507,0,572.760461886835
"Zion",2728.43182046048,3813.37595650688,341.892399858293,1143.90687004681,1275.51060262246,489.217717817463,82.6220419961546,292.528454680974,193.461147009044,971.71964950641,682.376745507583,2937.95298652317,992.631211369788,2737.92836945969,356.512825638206,3312.64446220608,2009.01799202873,1279.89488002009,159.844802824615,738.957361982816,216.28622345991,668.118253276226,2640.44714356068,958.007304317317,1828.19775660304,467.324233867861,492.308172202545,814.421527107793,2383.16050149425,404.793762192021,1280.22068368533,1428.26287567657,1459.82535227956,384.336247601241,728.395635554906,1042.68148202499,733.756948089181,606.839199652965,511.135893730441,3036.21780946046,1333.338630505,2053.69134914903,1068.34909861657,838.514887760215,572.760461886835,0
